   10.00000       10.50000              14
    0.120  416.638   26.597
    0.190  316.816   15.409
    0.301  239.599    8.973
    0.477  173.241    5.268
    0.755  116.532    3.320
    1.197   74.821    1.885
    1.897   49.478    1.276
    3.007   34.407    0.917
    4.766   23.991    0.658
    7.554   14.771    0.424
   11.972    8.796    0.308
   18.974    4.298    0.215
   30.071    3.613    0.204
   47.660    0.010    0.000
    0.0085    0.0043    0.0048    0.0049    0.0048    0.0047    0.0047    0.0047    0.0049    0.0047    0.0045    0.0046    0.0049    0.0047
    0.0043    0.0069    0.0050    0.0053    0.0051    0.0050    0.0048    0.0048    0.0046    0.0046    0.0046    0.0043    0.0044    0.0048
    0.0048    0.0050    0.0061    0.0052    0.0051    0.0050    0.0049    0.0049    0.0049    0.0048    0.0047    0.0047    0.0048    0.0048
    0.0049    0.0053    0.0052    0.0056    0.0052    0.0051    0.0050    0.0049    0.0049    0.0048    0.0047    0.0045    0.0046    0.0049
    0.0048    0.0051    0.0051    0.0052    0.0056    0.0052    0.0051    0.0051    0.0050    0.0049    0.0048    0.0046    0.0048    0.0049
    0.0047    0.0050    0.0050    0.0051    0.0052    0.0054    0.0051    0.0051    0.0050    0.0049    0.0048    0.0046    0.0048    0.0049
    0.0047    0.0048    0.0049    0.0050    0.0051    0.0051    0.0054    0.0052    0.0051    0.0050    0.0049    0.0047    0.0049    0.0049
    0.0047    0.0048    0.0049    0.0049    0.0051    0.0051    0.0052    0.0055    0.0053    0.0051    0.0050    0.0048    0.0050    0.0049
    0.0049    0.0046    0.0049    0.0049    0.0050    0.0050    0.0051    0.0053    0.0055    0.0053    0.0052    0.0050    0.0051    0.0049
    0.0047    0.0046    0.0048    0.0048    0.0049    0.0049    0.0050    0.0051    0.0053    0.0056    0.0053    0.0051    0.0052    0.0049
    0.0045    0.0046    0.0047    0.0047    0.0048    0.0048    0.0049    0.0050    0.0052    0.0053    0.0059    0.0056    0.0054    0.0048
    0.0046    0.0043    0.0047    0.0045    0.0046    0.0046    0.0047    0.0048    0.0050    0.0051    0.0056    0.0070    0.0061    0.0048
    0.0049    0.0044    0.0048    0.0046    0.0048    0.0048    0.0049    0.0050    0.0051    0.0052    0.0054    0.0061    0.0077    0.0047
    0.0047    0.0048    0.0048    0.0049    0.0049    0.0049    0.0049    0.0049    0.0049    0.0049    0.0048    0.0048    0.0047    0.0050
