   10.50000       11.00000              14
    0.120  686.718   67.833
    0.190  420.619   23.283
    0.301  284.423   10.431
    0.477  187.699    5.817
    0.755  136.008    3.171
    1.197   87.802    1.823
    1.897   61.360    1.214
    3.007   43.815    0.819
    4.766   30.507    0.602
    7.554   21.550    0.422
   11.972   14.054    0.315
   18.974    8.131    0.250
   30.071    4.931    0.181
   47.660    3.661    0.149
    0.0138    0.0038    0.0044    0.0042    0.0046    0.0045    0.0045    0.0047    0.0046    0.0046    0.0045    0.0045    0.0045    0.0043
    0.0038    0.0075    0.0050    0.0049    0.0047    0.0048    0.0048    0.0047    0.0047    0.0047    0.0047    0.0047    0.0046    0.0046
    0.0044    0.0050    0.0060    0.0049    0.0048    0.0048    0.0048    0.0047    0.0047    0.0048    0.0048    0.0047    0.0047    0.0045
    0.0042    0.0049    0.0049    0.0057    0.0049    0.0049    0.0049    0.0048    0.0048    0.0048    0.0047    0.0047    0.0046    0.0046
    0.0046    0.0047    0.0048    0.0049    0.0053    0.0050    0.0049    0.0049    0.0049    0.0049    0.0048    0.0048    0.0047    0.0047
    0.0045    0.0048    0.0048    0.0049    0.0050    0.0052    0.0050    0.0050    0.0050    0.0049    0.0049    0.0049    0.0048    0.0048
    0.0045    0.0048    0.0048    0.0049    0.0049    0.0050    0.0052    0.0051    0.0050    0.0050    0.0050    0.0049    0.0049    0.0048
    0.0047    0.0047    0.0047    0.0048    0.0049    0.0050    0.0051    0.0052    0.0051    0.0050    0.0050    0.0049    0.0048    0.0048
    0.0046    0.0047    0.0047    0.0048    0.0049    0.0050    0.0050    0.0051    0.0052    0.0051    0.0050    0.0050    0.0049    0.0048
    0.0046    0.0047    0.0048    0.0048    0.0049    0.0049    0.0050    0.0050    0.0051    0.0052    0.0051    0.0051    0.0050    0.0048
    0.0045    0.0047    0.0048    0.0047    0.0048    0.0049    0.0050    0.0050    0.0050    0.0051    0.0053    0.0053    0.0051    0.0050
    0.0045    0.0047    0.0047    0.0047    0.0048    0.0049    0.0049    0.0049    0.0050    0.0051    0.0053    0.0057    0.0054    0.0052
    0.0045    0.0046    0.0047    0.0046    0.0047    0.0048    0.0049    0.0048    0.0049    0.0050    0.0051    0.0054    0.0060    0.0055
    0.0043    0.0046    0.0045    0.0046    0.0047    0.0048    0.0048    0.0048    0.0048    0.0048    0.0050    0.0052    0.0055    0.0063
