   9.000000       9.500000              14
    0.120  249.123   18.514
    0.190  194.569   11.035
    0.301  164.384    7.491
    0.477  114.495    4.881
    0.755   84.315    3.262
    1.197   57.044    2.028
    1.897   37.019    1.295
    3.007   25.169    0.793
    4.766   15.491    0.474
    7.554    9.266    0.328
   11.972    5.350    0.229
   18.974    2.936    0.179
   30.071    2.557    0.162
   47.660    0.010    0.000
    0.0098    0.0048    0.0053    0.0055    0.0051    0.0048    0.0047    0.0046    0.0043    0.0044    0.0048    0.0050    0.0049    0.0047
    0.0048    0.0077    0.0055    0.0056    0.0054    0.0052    0.0050    0.0049    0.0046    0.0046    0.0045    0.0042    0.0046    0.0047
    0.0053    0.0055    0.0067    0.0057    0.0055    0.0053    0.0052    0.0050    0.0048    0.0048    0.0047    0.0043    0.0045    0.0048
    0.0055    0.0056    0.0057    0.0064    0.0057    0.0054    0.0052    0.0050    0.0048    0.0047    0.0048    0.0044    0.0046    0.0048
    0.0051    0.0054    0.0055    0.0057    0.0061    0.0056    0.0054    0.0052    0.0049    0.0048    0.0048    0.0044    0.0045    0.0048
    0.0048    0.0052    0.0053    0.0054    0.0056    0.0059    0.0056    0.0054    0.0051    0.0050    0.0049    0.0045    0.0047    0.0048
    0.0047    0.0050    0.0052    0.0052    0.0054    0.0056    0.0059    0.0055    0.0051    0.0050    0.0049    0.0045    0.0047    0.0048
    0.0046    0.0049    0.0050    0.0050    0.0052    0.0054    0.0055    0.0057    0.0053    0.0052    0.0050    0.0046    0.0047    0.0049
    0.0043    0.0046    0.0048    0.0048    0.0049    0.0051    0.0051    0.0053    0.0057    0.0054    0.0051    0.0048    0.0048    0.0049
    0.0044    0.0046    0.0048    0.0047    0.0048    0.0050    0.0050    0.0052    0.0054    0.0059    0.0054    0.0050    0.0051    0.0048
    0.0048    0.0045    0.0047    0.0048    0.0048    0.0049    0.0049    0.0050    0.0051    0.0054    0.0064    0.0058    0.0051    0.0048
    0.0050    0.0042    0.0043    0.0044    0.0044    0.0045    0.0045    0.0046    0.0048    0.0050    0.0058    0.0081    0.0060    0.0047
    0.0049    0.0046    0.0045    0.0046    0.0045    0.0047    0.0047    0.0047    0.0048    0.0051    0.0051    0.0060    0.0084    0.0047
    0.0047    0.0047    0.0048    0.0048    0.0048    0.0048    0.0048    0.0049    0.0049    0.0048    0.0048    0.0047    0.0047    0.0050
