   9.500000       10.00000              14
    0.120  311.817   21.391
    0.190  228.910    9.961
    0.301  185.510    6.499
    0.477  131.433    3.856
    0.755   95.056    2.460
    1.197   60.483    1.348
    1.897   41.327    0.905
    3.007   27.978    0.577
    4.766   19.583    0.424
    7.554   12.213    0.290
   11.972    7.009    0.187
   18.974    3.717    0.148
   30.071    2.702    0.113
   47.660    0.475    0.081
    0.0091    0.0047    0.0049    0.0049    0.0048    0.0048    0.0047    0.0047    0.0046    0.0046    0.0046    0.0043    0.0045    0.0033
    0.0047    0.0065    0.0051    0.0050    0.0049    0.0049    0.0048    0.0049    0.0049    0.0048    0.0047    0.0045    0.0047    0.0035
    0.0049    0.0051    0.0059    0.0052    0.0051    0.0050    0.0050    0.0049    0.0049    0.0049    0.0049    0.0048    0.0049    0.0039
    0.0049    0.0050    0.0052    0.0056    0.0052    0.0051    0.0050    0.0049    0.0049    0.0049    0.0049    0.0048    0.0048    0.0039
    0.0048    0.0049    0.0051    0.0052    0.0054    0.0051    0.0051    0.0050    0.0049    0.0049    0.0049    0.0047    0.0047    0.0041
    0.0048    0.0049    0.0050    0.0051    0.0051    0.0053    0.0051    0.0051    0.0050    0.0050    0.0050    0.0049    0.0049    0.0042
    0.0047    0.0048    0.0050    0.0050    0.0051    0.0051    0.0053    0.0051    0.0051    0.0050    0.0050    0.0050    0.0049    0.0043
    0.0047    0.0049    0.0049    0.0049    0.0050    0.0051    0.0051    0.0052    0.0051    0.0051    0.0050    0.0050    0.0049    0.0042
    0.0046    0.0049    0.0049    0.0049    0.0049    0.0050    0.0051    0.0051    0.0053    0.0052    0.0051    0.0050    0.0049    0.0041
    0.0046    0.0048    0.0049    0.0049    0.0049    0.0050    0.0050    0.0051    0.0052    0.0054    0.0052    0.0050    0.0049    0.0039
    0.0046    0.0047    0.0049    0.0049    0.0049    0.0050    0.0050    0.0050    0.0051    0.0052    0.0055    0.0053    0.0049    0.0041
    0.0043    0.0045    0.0048    0.0048    0.0047    0.0049    0.0050    0.0050    0.0050    0.0050    0.0053    0.0062    0.0053    0.0041
    0.0045    0.0047    0.0049    0.0048    0.0047    0.0049    0.0049    0.0049    0.0049    0.0049    0.0049    0.0053    0.0064    0.0057
    0.0033    0.0035    0.0039    0.0039    0.0041    0.0042    0.0043    0.0042    0.0041    0.0039    0.0041    0.0041    0.0057    0.0291
