   10.00000       10.50000              14
    0.120  368.975   23.916
    0.190  262.264   11.012
    0.301  209.959    5.196
    0.477  156.794    2.971
    0.755  109.746    1.725
    1.197   71.683    1.028
    1.897   49.309    0.674
    3.007   34.955    0.463
    4.766   24.538    0.366
    7.554   16.992    0.271
   11.972   10.802    0.185
   18.974    5.852    0.135
   30.071    3.230    0.108
   47.660    2.006    0.088
    0.0086    0.0046    0.0046    0.0046    0.0047    0.0047    0.0047    0.0047    0.0047    0.0046    0.0047    0.0047    0.0046    0.0044
    0.0046    0.0064    0.0048    0.0049    0.0049    0.0048    0.0047    0.0048    0.0047    0.0047    0.0047    0.0047    0.0047    0.0046
    0.0046    0.0048    0.0054    0.0049    0.0049    0.0049    0.0049    0.0049    0.0049    0.0048    0.0048    0.0047    0.0047    0.0046
    0.0046    0.0049    0.0049    0.0052    0.0050    0.0049    0.0049    0.0049    0.0049    0.0049    0.0049    0.0049    0.0048    0.0048
    0.0047    0.0049    0.0049    0.0050    0.0051    0.0050    0.0050    0.0050    0.0050    0.0049    0.0049    0.0049    0.0049    0.0048
    0.0047    0.0048    0.0049    0.0049    0.0050    0.0051    0.0050    0.0050    0.0050    0.0049    0.0050    0.0049    0.0049    0.0048
    0.0047    0.0047    0.0049    0.0049    0.0050    0.0050    0.0051    0.0050    0.0050    0.0049    0.0049    0.0049    0.0049    0.0048
    0.0047    0.0048    0.0049    0.0049    0.0050    0.0050    0.0050    0.0051    0.0050    0.0050    0.0050    0.0049    0.0049    0.0048
    0.0047    0.0047    0.0049    0.0049    0.0050    0.0050    0.0050    0.0050    0.0051    0.0050    0.0050    0.0050    0.0049    0.0048
    0.0046    0.0047    0.0048    0.0049    0.0049    0.0049    0.0049    0.0050    0.0050    0.0051    0.0051    0.0050    0.0050    0.0049
    0.0047    0.0047    0.0048    0.0049    0.0049    0.0050    0.0049    0.0050    0.0050    0.0051    0.0051    0.0051    0.0050    0.0049
    0.0047    0.0047    0.0047    0.0049    0.0049    0.0049    0.0049    0.0049    0.0050    0.0050    0.0051    0.0053    0.0053    0.0051
    0.0046    0.0047    0.0047    0.0048    0.0049    0.0049    0.0049    0.0049    0.0049    0.0050    0.0050    0.0053    0.0058    0.0054
    0.0044    0.0046    0.0046    0.0048    0.0048    0.0048    0.0048    0.0048    0.0048    0.0049    0.0049    0.0051    0.0054    0.0061
