   10.50000       11.00000              14
    0.120  515.851   49.062
    0.190  417.414   23.694
    0.301  236.198    8.748
    0.477  165.879    3.973
    0.755  124.954    2.283
    1.197   79.822    1.163
    1.897   54.571    0.778
    3.007   40.167    0.482
    4.766   27.994    0.303
    7.554   19.209    0.238
   11.972   11.954    0.154
   18.974    6.747    0.110
   30.071    3.476    0.090
   47.660    1.902    0.075
    0.0131    0.0045    0.0045    0.0046    0.0045    0.0044    0.0046    0.0045    0.0045    0.0045    0.0045    0.0045    0.0045    0.0044
    0.0045    0.0077    0.0044    0.0046    0.0047    0.0046    0.0047    0.0047    0.0047    0.0047    0.0047    0.0046    0.0045    0.0044
    0.0045    0.0044    0.0060    0.0048    0.0047    0.0048    0.0047    0.0047    0.0048    0.0048    0.0048    0.0048    0.0047    0.0046
    0.0046    0.0046    0.0048    0.0054    0.0049    0.0049    0.0049    0.0049    0.0049    0.0049    0.0049    0.0049    0.0048    0.0048
    0.0045    0.0047    0.0047    0.0049    0.0052    0.0049    0.0049    0.0049    0.0049    0.0049    0.0049    0.0049    0.0048    0.0048
    0.0044    0.0046    0.0048    0.0049    0.0049    0.0051    0.0049    0.0049    0.0049    0.0049    0.0049    0.0049    0.0049    0.0048
    0.0046    0.0047    0.0047    0.0049    0.0049    0.0049    0.0051    0.0050    0.0050    0.0050    0.0050    0.0049    0.0049    0.0049
    0.0045    0.0047    0.0047    0.0049    0.0049    0.0049    0.0050    0.0050    0.0050    0.0050    0.0050    0.0049    0.0049    0.0048
    0.0045    0.0047    0.0048    0.0049    0.0049    0.0049    0.0050    0.0050    0.0050    0.0050    0.0050    0.0049    0.0049    0.0048
    0.0045    0.0047    0.0048    0.0049    0.0049    0.0049    0.0050    0.0050    0.0050    0.0051    0.0050    0.0050    0.0049    0.0048
    0.0045    0.0047    0.0048    0.0049    0.0049    0.0049    0.0050    0.0050    0.0050    0.0050    0.0051    0.0050    0.0049    0.0048
    0.0045    0.0046    0.0048    0.0049    0.0049    0.0049    0.0049    0.0049    0.0049    0.0050    0.0050    0.0051    0.0050    0.0049
    0.0045    0.0045    0.0047    0.0048    0.0048    0.0049    0.0049    0.0049    0.0049    0.0049    0.0049    0.0050    0.0054    0.0052
    0.0044    0.0044    0.0046    0.0048    0.0048    0.0048    0.0049    0.0048    0.0048    0.0048    0.0048    0.0049    0.0052    0.0062
