-2.448262e+01  7.880387e-11  1.661772e-11
-2.447385e+01  8.255679e-11  1.740334e-11
-2.446508e+01  8.612779e-11  1.814964e-11
-2.445631e+01  8.948640e-11  1.885013e-11
-2.444755e+01  9.260503e-11  1.949896e-11
-2.443878e+01  9.545958e-11  2.009101e-11
-2.443001e+01  9.802990e-11  2.062200e-11
-2.442124e+01  1.003002e-10  2.108856e-11
-2.441247e+01  1.022593e-10  2.148829e-11
-2.440371e+01  1.039010e-10  2.181982e-11
-2.439494e+01  1.052238e-10  2.208278e-11
-2.438617e+01  1.062312e-10  2.227782e-11
-2.437740e+01  1.069316e-10  2.240655e-11
-2.436864e+01  1.073382e-10  2.247150e-11
-2.435987e+01  1.074686e-10  2.247608e-11
-2.435110e+01  1.073448e-10  2.242445e-11
-2.434233e+01  1.069934e-10  2.232156e-11
-2.433357e+01  1.064452e-10  2.217299e-11
-2.432480e+01  1.057358e-10  2.198505e-11
-2.431603e+01  1.049059e-10  2.176483e-11
-2.430726e+01  1.040020e-10  2.152044e-11
-2.429850e+01  1.030786e-10  2.126161e-11
-2.428973e+01  1.021991e-10  2.100079e-11
-2.428096e+01  1.014396e-10  2.075529e-11
-2.427219e+01  1.008923e-10  2.055120e-11
-2.426342e+01  1.006710e-10  2.043048e-11
-2.425466e+01  1.009178e-10  2.046302e-11
-2.424589e+01  1.018125e-10  2.076569e-11
-2.423712e+01  1.035831e-10  2.152849e-11
-2.422835e+01  1.065211e-10  2.304160e-11
-2.421959e+01  1.109991e-10  2.570875e-11
-2.421082e+01  1.174932e-10  3.003469e-11
-2.420205e+01  1.266101e-10  3.660082e-11
-2.419328e+01  1.391209e-10  4.606547e-11
-2.418452e+01  1.560005e-10  5.920490e-11
-2.417575e+01  1.784759e-10  7.697810e-11
-2.416698e+01  2.080820e-10  1.005949e-10
-2.415821e+01  2.467279e-10  1.315818e-10
-2.414945e+01  2.967726e-10  1.718492e-10
-2.414068e+01  3.611116e-10  2.237637e-10
-2.413191e+01  4.432751e-10  2.902294e-10
-2.412314e+01  5.475365e-10  3.747769e-10
-2.411437e+01  6.790316e-10  4.816630e-10
-2.410561e+01  8.438870e-10  6.159766e-10
-2.409684e+01  1.049356e-09  7.837523e-10
-2.408807e+01  1.303958e-09  9.920869e-10
-2.407930e+01  1.617620e-09  1.249257e-09
-2.407054e+01  2.001816e-09  1.564831e-09
-2.406177e+01  2.469690e-09  1.949777e-09
-2.405300e+01  3.036169e-09  2.416549e-09
-2.404423e+01  3.718054e-09  2.979156e-09
-2.403547e+01  4.534065e-09  3.653197e-09
-2.402670e+01  5.504857e-09  4.455866e-09
-2.401793e+01  6.652979e-09  5.405895e-09
-2.400916e+01  8.002766e-09  6.523458e-09
-2.400040e+01  9.580166e-09  7.829990e-09
-2.399163e+01  1.141248e-08  9.347952e-09
-2.398286e+01  1.352804e-08  1.110050e-08
-2.397409e+01  1.595574e-08  1.311109e-08
-2.396532e+01  1.872455e-08  1.540296e-08
-2.395656e+01  2.186287e-08  1.799856e-08
-2.394779e+01  2.539790e-08  2.091890e-08
-2.393902e+01  2.935478e-08  2.418277e-08
-2.393025e+01  3.375587e-08  2.780599e-08
-2.392149e+01  3.861987e-08  3.180056e-08
-2.391272e+01  4.396095e-08  3.617375e-08
-2.390395e+01  4.978798e-08  4.092730e-08
-2.389518e+01  5.610376e-08  4.605657e-08
-2.388642e+01  6.290438e-08  5.154980e-08
-2.387765e+01  7.017871e-08  5.738744e-08
-2.386888e+01  7.790809e-08  6.354167e-08
-2.386011e+01  8.606621e-08  6.997609e-08
-2.385135e+01  9.461929e-08  7.664555e-08
-2.384258e+01  1.035265e-07  8.349635e-08
-2.383381e+01  1.127405e-07  9.046662e-08
-2.382504e+01  1.222088e-07  9.748706e-08
-2.381627e+01  1.318747e-07  1.044819e-07
-2.380751e+01  1.416790e-07  1.113705e-07
-2.379874e+01  1.515615e-07  1.180686e-07
-2.378997e+01  1.614634e-07  1.244910e-07
-2.378120e+01  1.713290e-07  1.305532e-07
-2.377244e+01  1.811079e-07  1.361749e-07
-2.376367e+01  1.907568e-07  1.412824e-07
-2.375490e+01  2.002420e-07  1.458125e-07
-2.374613e+01  2.095406e-07  1.497157e-07
-2.373737e+01  2.186418e-07  1.529606e-07
-2.372860e+01  2.275487e-07  1.555380e-07
-2.371983e+01  2.362782e-07  1.574655e-07
-2.371106e+01  2.448613e-07  1.587921e-07
-2.370230e+01  2.533433e-07  1.596022e-07
-2.369353e+01  2.617822e-07  1.600199e-07
-2.368476e+01  2.702483e-07  1.602108e-07
-2.367599e+01  2.788219e-07  1.603815e-07
-2.366722e+01  2.875916e-07  1.607752e-07
-2.365846e+01  2.966524e-07  1.616602e-07
-2.364969e+01  3.061029e-07  1.633129e-07
-2.364092e+01  3.160438e-07  1.659929e-07
-2.363215e+01  3.265752e-07  1.699157e-07
-2.362339e+01  3.377957e-07  1.752269e-07
-2.361462e+01  3.498003e-07  1.819845e-07
-2.360585e+01  3.626808e-07  1.901539e-07
-2.359708e+01  3.765250e-07  1.996150e-07
-2.358832e+01  3.914179e-07  2.101793e-07
-2.357955e+01  4.074433e-07  2.216104e-07
-2.357078e+01  4.246856e-07  2.336464e-07
-2.356201e+01  4.432331e-07  2.460185e-07
-2.355325e+01  4.631812e-07  2.584682e-07
-2.354448e+01  4.846358e-07  2.707611e-07
-2.353571e+01  5.077178e-07  2.826998e-07
-2.352694e+01  5.325659e-07  2.941352e-07
-2.351817e+01  5.593409e-07  3.049779e-07
-2.350941e+01  5.882275e-07  3.152085e-07
-2.350064e+01  6.194368e-07  3.248870e-07
-2.349187e+01  6.532066e-07  3.341599e-07
-2.348310e+01  6.898007e-07  3.432630e-07
-2.347434e+01  7.295067e-07  3.525171e-07
-2.346557e+01  7.726322e-07  3.623148e-07
-2.345680e+01  8.194995e-07  3.730949e-07
-2.344803e+01  8.704384e-07  3.853052e-07
-2.343927e+01  9.257782e-07  3.993541e-07
-2.343050e+01  9.858378e-07  4.155600e-07
-2.342173e+01  1.050916e-06  4.341024e-07
-2.341296e+01  1.121280e-06  4.549881e-07
-2.340419e+01  1.197157e-06  4.780338e-07
-2.339543e+01  1.278722e-06  5.028694e-07
-2.338666e+01  1.366090e-06  5.289578e-07
-2.337789e+01  1.459311e-06  5.556268e-07
-2.336912e+01  1.558362e-06  5.821078e-07
-2.336036e+01  1.663148e-06  6.075793e-07
-2.335159e+01  1.773502e-06  6.312118e-07
-2.334282e+01  1.889193e-06  6.522154e-07
-2.333405e+01  2.009929e-06  6.698911e-07
-2.332529e+01  2.135374e-06  6.836860e-07
-2.331652e+01  2.265161e-06  6.932536e-07
-2.330775e+01  2.398912e-06  6.985221e-07
-2.329898e+01  2.536262e-06  6.997677e-07
-2.329022e+01  2.676880e-06  6.976922e-07
-2.328145e+01  2.820495e-06  6.934958e-07
-2.327268e+01  2.966927e-06  6.889260e-07
-2.326391e+01  3.116110e-06  6.862706e-07
-2.325514e+01  3.268119e-06  6.882443e-07
-2.324638e+01  3.423195e-06  6.977267e-07
-2.323761e+01  3.581764e-06  7.173561e-07
-2.322884e+01  3.744461e-06  7.490797e-07
-2.322007e+01  3.912133e-06  7.938360e-07
-2.321131e+01  4.085858e-06  8.515085e-07
-2.320254e+01  4.266939e-06  9.211431e-07
-2.319377e+01  4.456905e-06  1.001297e-06
-2.318500e+01  4.657496e-06  1.090373e-06
-2.317624e+01  4.870650e-06  1.186863e-06
-2.316747e+01  5.098472e-06  1.289486e-06
-2.315870e+01  5.343209e-06  1.397233e-06
-2.314993e+01  5.607207e-06  1.509350e-06
-2.314117e+01  5.892866e-06  1.625277e-06
-2.313240e+01  6.202596e-06  1.744552e-06
-2.312363e+01  6.538757e-06  1.866698e-06
-2.311486e+01  6.903605e-06  1.991109e-06
-2.310609e+01  7.299229e-06  2.116938e-06
-2.309733e+01  7.727495e-06  2.243026e-06
-2.308856e+01  8.189985e-06  2.367844e-06
-2.307979e+01  8.687938e-06  2.489499e-06
-2.307102e+01  9.222206e-06  2.605768e-06
-2.306226e+01  9.793204e-06  2.714176e-06
-2.305349e+01  1.040088e-05  2.812114e-06
-2.304472e+01  1.104469e-05  2.896975e-06
-2.303595e+01  1.172359e-05  2.966309e-06
-2.302719e+01  1.243605e-05  3.017985e-06
-2.301842e+01  1.318008e-05  3.050346e-06
-2.300965e+01  1.395326e-05  3.062363e-06
-2.300088e+01  1.475282e-05  3.053753e-06
-2.299212e+01  1.557571e-05  3.025086e-06
-2.298335e+01  1.641873e-05  2.977842e-06
-2.297458e+01  1.727861e-05  2.914424e-06
-2.296581e+01  1.815216e-05  2.838112e-06
-2.295704e+01  1.903644e-05  2.752937e-06
-2.294828e+01  1.992886e-05  2.663464e-06
-2.293951e+01  2.082738e-05  2.574479e-06
-2.293074e+01  2.173063e-05  2.490583e-06
-2.292197e+01  2.263805e-05  2.415750e-06
-2.291321e+01  2.354998e-05  2.352919e-06
-2.290444e+01  2.446780e-05  2.303776e-06
-2.289567e+01  2.539396e-05  2.268816e-06
-2.288690e+01  2.633199e-05  2.247775e-06
-2.287814e+01  2.728653e-05  2.240343e-06
-2.286937e+01  2.826320e-05  2.247044e-06
-2.286060e+01  2.926853e-05  2.270026e-06
-2.285183e+01  3.030984e-05  2.313529e-06
-2.284307e+01  3.139498e-05  2.383778e-06
-2.283430e+01  3.253213e-05  2.488143e-06
-2.282553e+01  3.372957e-05  2.633668e-06
-2.281676e+01  3.499538e-05  2.825359e-06
-2.280799e+01  3.633713e-05  3.064866e-06
-2.279923e+01  3.776165e-05  3.349956e-06
-2.279046e+01  3.927472e-05  3.674793e-06
-2.278169e+01  4.088087e-05  4.030668e-06
-2.277292e+01  4.258315e-05  4.406858e-06
-2.276416e+01  4.438305e-05  4.791379e-06
-2.275539e+01  4.628034e-05  5.171626e-06
-2.274662e+01  4.827313e-05  5.534894e-06
-2.273785e+01  5.035792e-05  5.868858e-06
-2.272909e+01  5.252972e-05  6.162018e-06
-2.272032e+01  5.478232e-05  6.404158e-06
-2.271155e+01  5.710850e-05  6.586795e-06
-2.270278e+01  5.950044e-05  6.703638e-06
-2.269402e+01  6.195006e-05  6.751015e-06
-2.268525e+01  6.444943e-05  6.728286e-06
-2.267648e+01  6.699124e-05  6.638184e-06
-2.266771e+01  6.956913e-05  6.487066e-06
-2.265894e+01  7.217816e-05  6.285025e-06
-2.265018e+01  7.481508e-05  6.045753e-06
-2.264141e+01  7.747862e-05  5.786053e-06
-2.263264e+01  8.016968e-05  5.524800e-06
-2.262387e+01  8.289143e-05  5.281186e-06
-2.261511e+01  8.564928e-05  5.072209e-06
-2.260634e+01  8.845079e-05  4.909806e-06
-2.259757e+01  9.130544e-05  4.798530e-06
-2.258880e+01  9.422434e-05  4.734998e-06
-2.258004e+01  9.721981e-05  4.709791e-06
-2.257127e+01  1.003049e-04  4.711435e-06
-2.256250e+01  1.034931e-04  4.731219e-06
-2.255373e+01  1.067972e-04  4.767545e-06
-2.254496e+01  1.102297e-04  4.828824e-06
-2.253620e+01  1.138013e-04  4.933991e-06
-2.252743e+01  1.175211e-04  5.109681e-06
-2.251866e+01  1.213961e-04  5.383660e-06
-2.250989e+01  1.254306e-04  5.776140e-06
-2.250113e+01  1.296263e-04  6.292762e-06
-2.249236e+01  1.339821e-04  6.922503e-06
-2.248359e+01  1.384943e-04  7.640445e-06
-2.247482e+01  1.431565e-04  8.412732e-06
-2.246606e+01  1.479603e-04  9.201307e-06
-2.245729e+01  1.528952e-04  9.967507e-06
-2.244852e+01  1.579497e-04  1.067463e-05
-2.243975e+01  1.631113e-04  1.128986e-05
-2.243099e+01  1.683676e-04  1.178587e-05
-2.242222e+01  1.737068e-04  1.214222e-05
-2.241345e+01  1.791180e-04  1.234656e-05
-2.240468e+01  1.845925e-04  1.239568e-05
-2.239591e+01  1.901236e-04  1.229632e-05
-2.238715e+01  1.957078e-04  1.206556e-05
-2.237838e+01  2.013445e-04  1.173076e-05
-2.236961e+01  2.070367e-04  1.132862e-05
-2.236084e+01  2.127911e-04  1.090299e-05
-2.235208e+01  2.186177e-04  1.050085e-05
-2.234331e+01  2.245301e-04  1.016614e-05
-2.233454e+01  2.305448e-04  9.932229e-06
-2.232577e+01  2.366814e-04  9.814929e-06
-2.231701e+01  2.429613e-04  9.809685e-06
-2.230824e+01  2.494078e-04  9.894685e-06
-2.229947e+01  2.560451e-04  1.003903e-05
-2.229070e+01  2.628978e-04  1.021260e-05
-2.228194e+01  2.699898e-04  1.039441e-05
-2.227317e+01  2.773442e-04  1.057783e-05
-2.226440e+01  2.849822e-04  1.077241e-05
-2.225563e+01  2.929226e-04  1.100198e-05
-2.224686e+01  3.011813e-04  1.129931e-05
-2.223810e+01  3.097708e-04  1.169756e-05
-2.222933e+01  3.187001e-04  1.222056e-05
-2.222056e+01  3.279739e-04  1.287497e-05
-2.221179e+01  3.375933e-04  1.364705e-05
-2.220303e+01  3.475552e-04  1.450480e-05
-2.219426e+01  3.578526e-04  1.540377e-05
-2.218549e+01  3.684751e-04  1.629392e-05
-2.217672e+01  3.794090e-04  1.712596e-05
-2.216796e+01  3.906381e-04  1.785618e-05
-2.215919e+01  4.021441e-04  1.845001e-05
-2.215042e+01  4.139072e-04  1.888433e-05
-2.214165e+01  4.259073e-04  1.914888e-05
-2.213289e+01  4.381243e-04  1.924679e-05
-2.212412e+01  4.505390e-04  1.919422e-05
-2.211535e+01  4.631343e-04  1.901908e-05
-2.210658e+01  4.758956e-04  1.875858e-05
-2.209781e+01  4.888116e-04  1.845557e-05
-2.208905e+01  5.018749e-04  1.815361e-05
-2.208028e+01  5.150828e-04  1.789136e-05
-2.207151e+01  5.284372e-04  1.769697e-05
-2.206274e+01  5.419453e-04  1.758419e-05
-2.205398e+01  5.556191e-04  1.755119e-05
-2.204521e+01  5.694757e-04  1.758282e-05
-2.203644e+01  5.835366e-04  1.765560e-05
-2.202767e+01  5.978268e-04  1.774402e-05
-2.201891e+01  6.123746e-04  1.782659e-05
-2.201014e+01  6.272101e-04  1.789052e-05
-2.200137e+01  6.423641e-04  1.793459e-05
-2.199260e+01  6.578668e-04  1.797001e-05
-2.198384e+01  6.737464e-04  1.801927e-05
-2.197507e+01  6.900277e-04  1.811315e-05
-2.196630e+01  7.067308e-04  1.828594e-05
-2.195753e+01  7.238697e-04  1.856961e-05
-2.194876e+01  7.414516e-04  1.898786e-05
-2.194000e+01  7.594757e-04  1.955169e-05
-2.193123e+01  7.779331e-04  2.025736e-05
-2.192246e+01  7.968067e-04  2.108738e-05
-2.191369e+01  8.160711e-04  2.201350e-05
-2.190493e+01  8.356943e-04  2.300085e-05
-2.189616e+01  8.556381e-04  2.401192e-05
-2.188739e+01  8.758601e-04  2.500979e-05
-2.187862e+01  8.963157e-04  2.596059e-05
-2.186986e+01  9.169608e-04  2.683527e-05
-2.186109e+01  9.377536e-04  2.761089e-05
-2.185232e+01  9.586583e-04  2.827166e-05
-2.184355e+01  9.796469e-04  2.880983e-05
-2.183479e+01  1.000702e-03  2.922633e-05
-2.182602e+01  1.021820e-03  2.953112e-05
-2.181725e+01  1.043011e-03  2.974284e-05
-2.180848e+01  1.064302e-03  2.988763e-05
-2.179971e+01  1.085736e-03  2.999671e-05
-2.179095e+01  1.107373e-03  3.010274e-05
-2.178218e+01  1.129287e-03  3.023514e-05
-2.177341e+01  1.151567e-03  3.041514e-05
-2.176464e+01  1.174314e-03  3.065160e-05
-2.175588e+01  1.197632e-03  3.093892e-05
-2.174711e+01  1.221633e-03  3.125783e-05
-2.173834e+01  1.246426e-03  3.157943e-05
-2.172957e+01  1.272112e-03  3.187186e-05
-2.172081e+01  1.298783e-03  3.210877e-05
-2.171204e+01  1.326513e-03  3.227841e-05
-2.170327e+01  1.355357e-03  3.239209e-05
-2.169450e+01  1.385343e-03  3.249064e-05
-2.168574e+01  1.416473e-03  3.264697e-05
-2.167697e+01  1.448717e-03  3.296227e-05
-2.166820e+01  1.482014e-03  3.355320e-05
-2.165943e+01  1.516275e-03  3.453010e-05
-2.165066e+01  1.551380e-03  3.597066e-05
-2.164190e+01  1.587182e-03  3.789821e-05
-2.163313e+01  1.623515e-03  4.027331e-05
-2.162436e+01  1.660197e-03  4.300069e-05
-2.161559e+01  1.697036e-03  4.594626e-05
-2.160683e+01  1.733838e-03  4.895670e-05
-2.159806e+01  1.770417e-03  5.187657e-05
-2.158929e+01  1.806598e-03  5.456141e-05
-2.158052e+01  1.842228e-03  5.688718e-05
-2.157176e+01  1.877183e-03  5.875692e-05
-2.156299e+01  1.911372e-03  6.010540e-05
-2.155422e+01  1.944741e-03  6.090190e-05
-2.154545e+01  1.977281e-03  6.115142e-05
-2.153668e+01  2.009022e-03  6.089394e-05
-2.152792e+01  2.040039e-03  6.020164e-05
-2.151915e+01  2.070446e-03  5.917369e-05
-2.151038e+01  2.100393e-03  5.792848e-05
-2.150161e+01  2.130062e-03  5.659333e-05
-2.149285e+01  2.159656e-03  5.529242e-05
-2.148408e+01  2.189395e-03  5.413445e-05
-2.147531e+01  2.219505e-03  5.320259e-05
-2.146654e+01  2.250207e-03  5.254943e-05
-2.145778e+01  2.281713e-03  5.219892e-05
-2.144901e+01  2.314210e-03  5.215506e-05
-2.144024e+01  2.347860e-03  5.241440e-05
-2.143147e+01  2.382787e-03  5.297809e-05
-2.142271e+01  2.419076e-03  5.385922e-05
-2.141394e+01  2.456769e-03  5.508265e-05
-2.140517e+01  2.495860e-03  5.667735e-05
-2.139640e+01  2.536304e-03  5.866337e-05
-2.138763e+01  2.578011e-03  6.103797e-05
-2.137887e+01  2.620855e-03  6.376540e-05
-2.137010e+01  2.664680e-03  6.677358e-05
-2.136133e+01  2.709307e-03  6.995826e-05
-2.135256e+01  2.754541e-03  7.319295e-05
-2.134380e+01  2.800180e-03  7.634181e-05
-2.133503e+01  2.846027e-03  7.927295e-05
-2.132626e+01  2.891892e-03  8.187025e-05
-2.131749e+01  2.937606e-03  8.404254e-05
-2.130873e+01  2.983024e-03  8.572982e-05
-2.129996e+01  3.028027e-03  8.690611e-05
-2.129119e+01  3.072534e-03  8.757884e-05
-2.128242e+01  3.116492e-03  8.778495e-05
-2.127366e+01  3.159884e-03  8.758380e-05
-2.126489e+01  3.202722e-03  8.704778e-05
-2.125612e+01  3.245046e-03  8.625141e-05
-2.124735e+01  3.286916e-03  8.526104e-05
-2.123858e+01  3.328405e-03  8.412680e-05
-2.122982e+01  3.369594e-03  8.287913e-05
-2.122105e+01  3.410564e-03  8.153123e-05
-2.121228e+01  3.451387e-03  8.008795e-05
-2.120351e+01  3.492122e-03  7.856026e-05
-2.119475e+01  3.532806e-03  7.698368e-05
-2.118598e+01  3.573454e-03  7.543774e-05
-2.117721e+01  3.614052e-03  7.406285e-05
-2.116844e+01  3.654560e-03  7.306910e-05
-2.115968e+01  3.694912e-03  7.272964e-05
-2.115091e+01  3.735016e-03  7.335130e-05
-2.114214e+01  3.774765e-03  7.522135e-05
-2.113337e+01  3.814038e-03  7.854403e-05
-2.112461e+01  3.852711e-03  8.339334e-05
-2.111584e+01  3.890664e-03  8.970377e-05
-2.110707e+01  3.927791e-03  9.729782e-05
-2.109830e+01  3.964007e-03  1.059300e-04
-2.108953e+01  3.999258e-03  1.153270e-04
-2.108077e+01  4.033527e-03  1.252148e-04
-2.107200e+01  4.066841e-03  1.353324e-04
-2.106323e+01  4.099273e-03  1.454381e-04
-2.105446e+01  4.130945e-03  1.553093e-04
-2.104570e+01  4.162025e-03  1.647414e-04
-2.103693e+01  4.192727e-03  1.735466e-04
-2.102816e+01  4.223302e-03  1.815525e-04
-2.101939e+01  4.254033e-03  1.886033e-04
-2.101063e+01  4.285224e-03  1.945621e-04
-2.100186e+01  4.317187e-03  1.993148e-04
-2.099309e+01  4.350234e-03  2.027764e-04
-2.098432e+01  4.384660e-03  2.048978e-04
-2.097556e+01  4.420733e-03  2.056729e-04
-2.096679e+01  4.458678e-03  2.051463e-04
-2.095802e+01  4.498673e-03  2.034188e-04
-2.094925e+01  4.540832e-03  2.006515e-04
-2.094048e+01  4.585202e-03  1.970660e-04
-2.093172e+01  4.631757e-03  1.929398e-04
-2.092295e+01  4.680398e-03  1.885961e-04
-2.091418e+01  4.730952e-03  1.843856e-04
-2.090541e+01  4.783174e-03  1.806615e-04
-2.089665e+01  4.836758e-03  1.777495e-04
-2.088788e+01  4.891343e-03  1.759157e-04
-2.087911e+01  4.946523e-03  1.753427e-04
-2.087034e+01  5.001865e-03  1.761182e-04
-2.086158e+01  5.056917e-03  1.782417e-04
-2.085281e+01  5.111228e-03  1.816463e-04
-2.084404e+01  5.164362e-03  1.862285e-04
-2.083527e+01  5.215911e-03  1.918744e-04
-2.082651e+01  5.265511e-03  1.984772e-04
-2.081774e+01  5.312854e-03  2.059409e-04
-2.080897e+01  5.357700e-03  2.141725e-04
-2.080020e+01  5.399885e-03  2.230669e-04
-2.079143e+01  5.439327e-03  2.324907e-04
-2.078267e+01  5.476030e-03  2.422693e-04
-2.077390e+01  5.510086e-03  2.521820e-04
-2.076513e+01  5.541674e-03  2.619659e-04
-2.075636e+01  5.571052e-03  2.713281e-04
-2.074760e+01  5.598556e-03  2.799642e-04
-2.073883e+01  5.624587e-03  2.875811e-04
-2.073006e+01  5.649600e-03  2.939199e-04
-2.072129e+01  5.674093e-03  2.987781e-04
-2.071253e+01  5.698594e-03  3.020270e-04
-2.070376e+01  5.723642e-03  3.036254e-04
-2.069499e+01  5.749774e-03  3.036256e-04
-2.068622e+01  5.777510e-03  3.021728e-04
-2.067745e+01  5.807333e-03  2.994957e-04
-2.066869e+01  5.839681e-03  2.958888e-04
-2.065992e+01  5.874926e-03  2.916867e-04
-2.065115e+01  5.913365e-03  2.872327e-04
-2.064238e+01  5.955211e-03  2.828433e-04
-2.063362e+01  6.000582e-03  2.787776e-04
-2.062485e+01  6.049497e-03  2.752132e-04
-2.061608e+01  6.101871e-03  2.722386e-04
-2.060731e+01  6.157520e-03  2.698624e-04
-2.059855e+01  6.216159e-03  2.680392e-04
-2.058978e+01  6.277414e-03  2.667068e-04
-2.058101e+01  6.340832e-03  2.658268e-04
-2.057224e+01  6.405889e-03  2.654195e-04
-2.056348e+01  6.472014e-03  2.655859e-04
-2.055471e+01  6.538603e-03  2.665121e-04
-2.054594e+01  6.605041e-03  2.684517e-04
-2.053717e+01  6.670726e-03  2.716892e-04
-2.052840e+01  6.735086e-03  2.764884e-04
-2.051964e+01  6.797611e-03  2.830375e-04
-2.051087e+01  6.857862e-03  2.914039e-04
-2.050210e+01  6.915501e-03  3.015096e-04
-2.049333e+01  6.970300e-03  3.131336e-04
-2.048457e+01  7.022156e-03  3.259359e-04
-2.047580e+01  7.071099e-03  3.394960e-04
-2.046703e+01  7.117294e-03  3.533544e-04
-2.045826e+01  7.161037e-03  3.670509e-04
-2.044950e+01  7.202752e-03  3.801540e-04
-2.044073e+01  7.242970e-03  3.922818e-04
-2.043196e+01  7.282315e-03  4.031147e-04
-2.042319e+01  7.321478e-03  4.124017e-04
-2.041443e+01  7.361190e-03  4.199611e-04
-2.040566e+01  7.402193e-03  4.256792e-04
-2.039689e+01  7.445206e-03  4.295058e-04
-2.038812e+01  7.490892e-03  4.314502e-04
-2.037935e+01  7.539828e-03  4.315755e-04
-2.037059e+01  7.592473e-03  4.299943e-04
-2.036182e+01  7.649147e-03  4.268649e-04
-2.035305e+01  7.710005e-03  4.223880e-04
-2.034428e+01  7.775024e-03  4.168039e-04
-2.033552e+01  7.843997e-03  4.103908e-04
-2.032675e+01  7.916528e-03  4.034628e-04
-2.031798e+01  7.992040e-03  3.963685e-04
-2.030921e+01  8.069792e-03  3.894888e-04
-2.030045e+01  8.148893e-03  3.832331e-04
-2.029168e+01  8.228337e-03  3.780329e-04
-2.028291e+01  8.307028e-03  3.743300e-04
-2.027414e+01  8.383822e-03  3.725584e-04
-2.026538e+01  8.457559e-03  3.731169e-04
-2.025661e+01  8.527110e-03  3.763349e-04
-2.024784e+01  8.591413e-03  3.824347e-04
-2.023907e+01  8.649507e-03  3.914954e-04
-2.023030e+01  8.700570e-03  4.034284e-04
-2.022154e+01  8.743946e-03  4.179673e-04
-2.021277e+01  8.779164e-03  4.346758e-04
-2.020400e+01  8.805960e-03  4.529688e-04
-2.019523e+01  8.824278e-03  4.721444e-04
-2.018647e+01  8.834276e-03  4.914204e-04
-2.017770e+01  8.836317e-03  5.099730e-04
-2.016893e+01  8.830955e-03  5.269752e-04
-2.016016e+01  8.818913e-03  5.416341e-04
-2.015140e+01  8.801062e-03  5.532274e-04
-2.014263e+01  8.778383e-03  5.611366e-04
-2.013386e+01  8.751941e-03  5.648786e-04
-2.012509e+01  8.722845e-03  5.641329e-04
-2.011633e+01  8.692215e-03  5.587638e-04
-2.010756e+01  8.661142e-03  5.488374e-04
-2.009879e+01  8.630663e-03  5.346300e-04
-2.009002e+01  8.601723e-03  5.166295e-04
-2.008125e+01  8.575153e-03  4.955254e-04
-2.007249e+01  8.551649e-03  4.721878e-04
-2.006372e+01  8.531755e-03  4.476302e-04
-2.005495e+01  8.515851e-03  4.229553e-04
-2.004618e+01  8.504153e-03  3.992783e-04
-2.003742e+01  8.496707e-03  3.776281e-04
-2.002865e+01  8.493404e-03  3.588362e-04
-2.001988e+01  8.493984e-03  3.434329e-04
-2.001111e+01  8.498054e-03  3.315882e-04
-2.000235e+01  8.505110e-03  3.231268e-04
-1.999358e+01  8.514557e-03  3.176261e-04
-1.998481e+01  8.525736e-03  3.145699e-04
-1.997604e+01  8.537951e-03  3.135050e-04
-1.996728e+01  8.550495e-03  3.141547e-04
-1.995851e+01  8.562679e-03  3.164600e-04
-1.994974e+01  8.573860e-03  3.205471e-04
-1.994097e+01  8.583463e-03  3.266316e-04
-1.993220e+01  8.591007e-03  3.348906e-04
-1.992344e+01  8.596127e-03  3.453379e-04
-1.991467e+01  8.598584e-03  3.577405e-04
-1.990590e+01  8.598282e-03  3.715968e-04
-1.989713e+01  8.595275e-03  3.861753e-04
-1.988837e+01  8.589770e-03  4.005939e-04
-1.987960e+01  8.582121e-03  4.139140e-04
-1.987083e+01  8.572823e-03  4.252307e-04
-1.986206e+01  8.562498e-03  4.337471e-04
-1.985330e+01  8.551876e-03  4.388302e-04
-1.984453e+01  8.541771e-03  4.400501e-04
-1.983576e+01  8.533053e-03  4.372030e-04
-1.982699e+01  8.526615e-03  4.303225e-04
-1.981823e+01  8.523341e-03  4.196800e-04
-1.980946e+01  8.524070e-03  4.057760e-04
-1.980069e+01  8.529561e-03  3.893228e-04
-1.979192e+01  8.540456e-03  3.712182e-04
-1.978315e+01  8.557252e-03  3.525059e-04
-1.977439e+01  8.580271e-03  3.343181e-04
-1.976562e+01  8.609637e-03  3.177927e-04
-1.975685e+01  8.645263e-03  3.039606e-04
-1.974808e+01  8.686836e-03  2.936140e-04
-1.973932e+01  8.733825e-03  2.871862e-04
-1.973055e+01  8.785482e-03  2.846930e-04
-1.972178e+01  8.840862e-03  2.857719e-04
-1.971301e+01  8.898845e-03  2.898113e-04
-1.970425e+01  8.958174e-03  2.961173e-04
-1.969548e+01  9.017487e-03  3.040599e-04
-1.968671e+01  9.075369e-03  3.131634e-04
-1.967794e+01  9.130397e-03  3.231372e-04
-1.966917e+01  9.181190e-03  3.338594e-04
-1.966041e+01  9.226462e-03  3.453283e-04
-1.965164e+01  9.265070e-03  3.575976e-04
-1.964287e+01  9.296058e-03  3.707069e-04
-1.963410e+01  9.318699e-03  3.846204e-04
-1.962534e+01  9.332522e-03  3.991801e-04
-1.961657e+01  9.337339e-03  4.140829e-04
-1.960780e+01  9.333256e-03  4.288796e-04
-1.959903e+01  9.320674e-03  4.429961e-04
-1.959027e+01  9.300283e-03  4.557683e-04
-1.958150e+01  9.273042e-03  4.664891e-04
-1.957273e+01  9.240150e-03  4.744583e-04
-1.956396e+01  9.203005e-03  4.790360e-04
-1.955520e+01  9.163166e-03  4.796942e-04
-1.954643e+01  9.122294e-03  4.760683e-04
-1.953766e+01  9.082103e-03  4.680069e-04
-1.952889e+01  9.044301e-03  4.556205e-04
-1.952012e+01  9.010534e-03  4.393296e-04
-1.951136e+01  8.982333e-03  4.199103e-04
-1.950259e+01  8.961061e-03  3.985333e-04
-1.949382e+01  8.947875e-03  3.767801e-04
-1.948505e+01  8.943687e-03  3.566034e-04
-1.947629e+01  8.949135e-03  3.401683e-04
-1.946752e+01  8.964566e-03  3.295146e-04
-1.945875e+01  8.990028e-03  3.260551e-04
-1.944998e+01  9.025271e-03  3.301143e-04
-1.944122e+01  9.069758e-03  3.408056e-04
-1.943245e+01  9.122683e-03  3.563517e-04
-1.942368e+01  9.183004e-03  3.746274e-04
-1.941491e+01  9.249473e-03  3.936346e-04
-1.940615e+01  9.320682e-03  4.117842e-04
-1.939738e+01  9.395107e-03  4.280139e-04
-1.938861e+01  9.471158e-03  4.418076e-04
-1.937984e+01  9.547227e-03  4.531598e-04
-1.937107e+01  9.621747e-03  4.625013e-04
-1.936231e+01  9.693233e-03  4.705875e-04
-1.935354e+01  9.760336e-03  4.783456e-04
-1.934477e+01  9.821883e-03  4.866893e-04
-1.933600e+01  9.876920e-03  4.963253e-04
-1.932724e+01  9.924739e-03  5.075923e-04
-1.931847e+01  9.964907e-03  5.203748e-04
-1.930970e+01  9.997281e-03  5.341155e-04
-1.930093e+01  1.002202e-02  5.479170e-04
-1.929217e+01  1.003958e-02  5.606997e-04
-1.928340e+01  1.005070e-02  5.713748e-04
-1.927463e+01  1.005639e-02  5.790031e-04
-1.926586e+01  1.005792e-02  5.829204e-04
-1.925710e+01  1.005673e-02  5.828268e-04
-1.924833e+01  1.005443e-02  5.788367e-04
-1.923956e+01  1.005273e-02  5.714881e-04
-1.923079e+01  1.005339e-02  5.617092e-04
-1.922202e+01  1.005815e-02  5.507328e-04
-1.921326e+01  1.006864e-02  5.399517e-04
-1.920449e+01  1.008638e-02  5.307192e-04
-1.919572e+01  1.011265e-02  5.241172e-04
-1.918695e+01  1.014848e-02  5.207454e-04
-1.917819e+01  1.019457e-02  5.206007e-04
-1.916942e+01  1.025126e-02  5.230983e-04
-1.916065e+01  1.031852e-02  5.272327e-04
-1.915188e+01  1.039590e-02  5.318270e-04
-1.914312e+01  1.048256e-02  5.357986e-04
-1.913435e+01  1.057726e-02  5.383883e-04
-1.912558e+01  1.067844e-02  5.393252e-04
-1.911681e+01  1.078419e-02  5.389183e-04
-1.910805e+01  1.089239e-02  5.380665e-04
-1.909928e+01  1.100072e-02  5.381699e-04
-1.909051e+01  1.110681e-02  5.409244e-04
-1.908174e+01  1.120824e-02  5.479972e-04
-1.907297e+01  1.130273e-02  5.606363e-04
-1.906421e+01  1.138818e-02  5.793286e-04
-1.905544e+01  1.146275e-02  6.036324e-04
-1.904667e+01  1.152497e-02  6.322407e-04
-1.903790e+01  1.157381e-02  6.632201e-04
-1.902914e+01  1.160868e-02  6.943164e-04
-1.902037e+01  1.162956e-02  7.232334e-04
-1.901160e+01  1.163690e-02  7.478480e-04
-1.900283e+01  1.163171e-02  7.663585e-04
-1.899407e+01  1.161547e-02  7.773854e-04
-1.898530e+01  1.159011e-02  7.800415e-04
-1.897653e+01  1.155794e-02  7.739837e-04
-1.896776e+01  1.152153e-02  7.594568e-04
-1.895900e+01  1.148365e-02  7.373328e-04
-1.895023e+01  1.144715e-02  7.091466e-04
-1.894146e+01  1.141484e-02  6.771185e-04
-1.893269e+01  1.138936e-02  6.441358e-04
-1.892392e+01  1.137312e-02  6.136340e-04
-1.891516e+01  1.136815e-02  5.892826e-04
-1.890639e+01  1.137603e-02  5.743940e-04
-1.889762e+01  1.139786e-02  5.711286e-04
-1.888885e+01  1.143413e-02  5.798311e-04
-1.888009e+01  1.148480e-02  5.989221e-04
-1.887132e+01  1.154920e-02  6.254350e-04
-1.886255e+01  1.162612e-02  6.558492e-04
-1.885378e+01  1.171383e-02  6.868107e-04
-1.884502e+01  1.181016e-02  7.155766e-04
-1.883625e+01  1.191256e-02  7.402294e-04
-1.882748e+01  1.201821e-02  7.597625e-04
-1.881871e+01  1.212414e-02  7.741028e-04
-1.880995e+01  1.222732e-02  7.840957e-04
-1.880118e+01  1.232479e-02  7.914387e-04
-1.879241e+01  1.241377e-02  7.985294e-04
-1.878364e+01  1.249175e-02  8.081832e-04
-1.877487e+01  1.255657e-02  8.231998e-04
-1.876611e+01  1.260653e-02  8.458289e-04
-1.875734e+01  1.264042e-02  8.772718e-04
-1.874857e+01  1.265753e-02  9.173925e-04
-1.873980e+01  1.265771e-02  9.647391e-04
-1.873104e+01  1.264137e-02  1.016829e-03
-1.872227e+01  1.260939e-02  1.070561e-03
-1.871350e+01  1.256316e-02  1.122618e-03
-1.870473e+01  1.250444e-02  1.169794e-03
-1.869597e+01  1.243537e-02  1.209224e-03
-1.868720e+01  1.235832e-02  1.238546e-03
-1.867843e+01  1.227586e-02  1.256011e-03
-1.866966e+01  1.219061e-02  1.260551e-03
-1.866089e+01  1.210519e-02  1.251829e-03
-1.865213e+01  1.202215e-02  1.230268e-03
-1.864336e+01  1.194381e-02  1.197052e-03
-1.863459e+01  1.187229e-02  1.154119e-03
-1.862582e+01  1.180936e-02  1.104110e-03
-1.861706e+01  1.175645e-02  1.050284e-03
-1.860829e+01  1.171457e-02  9.963433e-04
-1.859952e+01  1.168433e-02  9.461561e-04
-1.859075e+01  1.166589e-02  9.033234e-04
-1.858199e+01  1.165901e-02  8.706237e-04
-1.857322e+01  1.166302e-02  8.494627e-04
-1.856445e+01  1.167691e-02  8.395635e-04
-1.855568e+01  1.169932e-02  8.390887e-04
-1.854692e+01  1.172865e-02  8.451800e-04
-1.853815e+01  1.176306e-02  8.546842e-04
-1.852938e+01  1.180059e-02  8.648050e-04
-1.852061e+01  1.183925e-02  8.735399e-04
-1.851184e+01  1.187702e-02  8.798945e-04
-1.850308e+01  1.191202e-02  8.839183e-04
-1.849431e+01  1.194252e-02  8.866046e-04
-1.848554e+01  1.196705e-02  8.896726e-04
-1.847677e+01  1.198446e-02  8.952340e-04
-1.846801e+01  1.199394e-02  9.053668e-04
-1.845924e+01  1.199512e-02  9.216584e-04
-1.845047e+01  1.198808e-02  9.448259e-04
-1.844170e+01  1.197333e-02  9.745266e-04
-1.843294e+01  1.195186e-02  1.009410e-03
-1.842417e+01  1.192511e-02  1.047366e-03
-1.841540e+01  1.189490e-02  1.085873e-03
-1.840663e+01  1.186341e-02  1.122344e-03
-1.839787e+01  1.183312e-02  1.154406e-03
-1.838910e+01  1.180668e-02  1.180113e-03
-1.838033e+01  1.178686e-02  1.198084e-03
-1.837156e+01  1.177642e-02  1.207591e-03
-1.836279e+01  1.177800e-02  1.208609e-03
-1.835403e+01  1.179401e-02  1.201837e-03
-1.834526e+01  1.182654e-02  1.188681e-03
-1.833649e+01  1.187721e-02  1.171202e-03
-1.832772e+01  1.194715e-02  1.152007e-03
-1.831896e+01  1.203685e-02  1.134050e-03
-1.831019e+01  1.214619e-02  1.120339e-03
-1.830142e+01  1.227433e-02  1.113554e-03
-1.829265e+01  1.241976e-02  1.115622e-03
-1.828389e+01  1.258031e-02  1.127375e-03
-1.827512e+01  1.275321e-02  1.148397e-03
-1.826635e+01  1.293514e-02  1.177114e-03
-1.825758e+01  1.312234e-02  1.211096e-03
-1.824882e+01  1.331075e-02  1.247445e-03
-1.824005e+01  1.349614e-02  1.283168e-03
-1.823128e+01  1.367424e-02  1.315477e-03
-1.822251e+01  1.384093e-02  1.341987e-03
-1.821374e+01  1.399233e-02  1.360849e-03
-1.820498e+01  1.412502e-02  1.370820e-03
-1.819621e+01  1.423612e-02  1.371306e-03
-1.818744e+01  1.432345e-02  1.362375e-03
-1.817867e+01  1.438555e-02  1.344762e-03
-1.816991e+01  1.442182e-02  1.319854e-03
-1.816114e+01  1.443251e-02  1.289653e-03
-1.815237e+01  1.441872e-02  1.256702e-03
-1.814360e+01  1.438238e-02  1.223957e-03
-1.813484e+01  1.432620e-02  1.194574e-03
-1.812607e+01  1.425354e-02  1.171606e-03
-1.811730e+01  1.416836e-02  1.157623e-03
-1.810853e+01  1.407500e-02  1.154327e-03
-1.809977e+01  1.397813e-02  1.162279e-03
-1.809100e+01  1.388251e-02  1.180838e-03
-1.808223e+01  1.379287e-02  1.208350e-03
-1.807346e+01  1.371375e-02  1.242509e-03
-1.806469e+01  1.364937e-02  1.280776e-03
-1.805593e+01  1.360346e-02  1.320745e-03
-1.804716e+01  1.357920e-02  1.360409e-03
-1.803839e+01  1.357908e-02  1.398330e-03
-1.802962e+01  1.360488e-02  1.433718e-03
-1.802086e+01  1.365763e-02  1.466448e-03
-1.801209e+01  1.373755e-02  1.497025e-03
-1.800332e+01  1.384414e-02  1.526506e-03
-1.799455e+01  1.397618e-02  1.556369e-03
-1.798579e+01  1.413176e-02  1.588344e-03
-1.797702e+01  1.430842e-02  1.624201e-03
-1.796825e+01  1.450320e-02  1.665526e-03
-1.795948e+01  1.471275e-02  1.713503e-03
-1.795072e+01  1.493343e-02  1.768743e-03
-1.794195e+01  1.516140e-02  1.831190e-03
-1.793318e+01  1.539275e-02  1.900114e-03
-1.792441e+01  1.562359e-02  1.974181e-03
-1.791564e+01  1.585011e-02  2.051585e-03
-1.790688e+01  1.606868e-02  2.130199e-03
-1.789811e+01  1.627590e-02  2.207741e-03
-1.788934e+01  1.646867e-02  2.281912e-03
-1.788057e+01  1.664420e-02  2.350525e-03
-1.787181e+01  1.680006e-02  2.411605e-03
-1.786304e+01  1.693420e-02  2.463468e-03
-1.785427e+01  1.704496e-02  2.504781e-03
-1.784550e+01  1.713103e-02  2.534604e-03
-1.783674e+01  1.719153e-02  2.552423e-03
-1.782797e+01  1.722593e-02  2.558162e-03
-1.781920e+01  1.723407e-02  2.552186e-03
-1.781043e+01  1.721617e-02  2.535285e-03
-1.780166e+01  1.717282e-02  2.508647e-03
-1.779290e+01  1.710495e-02  2.473810e-03
-1.778413e+01  1.701384e-02  2.432594e-03
-1.777536e+01  1.690116e-02  2.387017e-03
-1.776659e+01  1.676889e-02  2.339194e-03
-1.775783e+01  1.661940e-02  2.291211e-03
-1.774906e+01  1.645538e-02  2.245007e-03
-1.774029e+01  1.627985e-02  2.202251e-03
-1.773152e+01  1.609618e-02  2.164248e-03
-1.772276e+01  1.590799e-02  2.131876e-03
-1.771399e+01  1.571916e-02  2.105595e-03
-1.770522e+01  1.553378e-02  2.085492e-03
-1.769645e+01  1.535607e-02  2.071409e-03
-1.768769e+01  1.519031e-02  2.063084e-03
-1.767892e+01  1.504075e-02  2.060331e-03
-1.767015e+01  1.491150e-02  2.063190e-03
-1.766138e+01  1.480644e-02  2.072056e-03
-1.765261e+01  1.472908e-02  2.087735e-03
-1.764385e+01  1.468245e-02  2.111444e-03
-1.763508e+01  1.466900e-02  2.144713e-03
-1.762631e+01  1.469043e-02  2.189224e-03
-1.761754e+01  1.474764e-02  2.246587e-03
-1.760878e+01  1.484063e-02  2.318091e-03
-1.760001e+01  1.496840e-02  2.404484e-03
-1.759124e+01  1.512895e-02  2.505810e-03
-1.758247e+01  1.531923e-02  2.621335e-03
-1.757371e+01  1.553518e-02  2.749572e-03
-1.756494e+01  1.577175e-02  2.888365e-03
-1.755617e+01  1.602301e-02  3.035033e-03
-1.754740e+01  1.628223e-02  3.186521e-03
-1.753864e+01  1.654206e-02  3.339547e-03
-1.752987e+01  1.679466e-02  3.490743e-03
-1.752110e+01  1.703192e-02  3.636765e-03
-1.751233e+01  1.724563e-02  3.774390e-03
-1.750356e+01  1.742775e-02  3.900597e-03
-1.749480e+01  1.757057e-02  4.012633e-03
-1.748603e+01  1.766696e-02  4.108063e-03
-1.747726e+01  1.771055e-02  4.184815e-03
-1.746849e+01  1.769592e-02  4.241211e-03
-1.745973e+01  1.761875e-02  4.275988e-03
-1.745096e+01  1.747593e-02  4.288316e-03
-1.744219e+01  1.726568e-02  4.277796e-03
-1.743342e+01  1.698758e-02  4.244453e-03
-1.742466e+01  1.664259e-02  4.188726e-03
-1.741589e+01  1.623303e-02  4.111436e-03
-1.740712e+01  1.576255e-02  4.013759e-03
-1.739835e+01  1.523599e-02  3.897178e-03
-1.738959e+01  1.465936e-02  3.763443e-03
-1.738082e+01  1.403962e-02  3.614514e-03
-1.737205e+01  1.338464e-02  3.452507e-03
-1.736328e+01  1.270300e-02  3.279642e-03
-1.735451e+01  1.200390e-02  3.098180e-03
-1.734575e+01  1.129706e-02  2.910384e-03
-1.733698e+01  1.059261e-02  2.718470e-03
-1.732821e+01  9.901078e-03  2.524595e-03
-1.731944e+01  9.233369e-03  2.330864e-03
-1.731068e+01  8.600812e-03  2.139407e-03
-1.730191e+01  8.015255e-03  1.952559e-03
-1.729314e+01  7.489227e-03  1.773234e-03
-1.728437e+01  7.036144e-03  1.605637e-03
-1.727561e+01  6.670583e-03  1.456514e-03
-1.726684e+01  6.408611e-03  1.337058e-03
-1.725807e+01  6.268166e-03  1.264878e-03
-1.724930e+01  6.269482e-03  1.263572e-03
-1.724054e+01  6.435548e-03  1.356602e-03
-1.723177e+01  6.792600e-03  1.558638e-03
-1.722300e+01  7.370606e-03  1.874444e-03
-1.721423e+01  8.203750e-03  2.305865e-03
